================================================================================================================================================================
TABLE: UNIT PRIME   (weight: 1 per prime)
================================================================================================================================================================
   r                d=0               d=1               d=2               d=3               d=4               d=5
-----------------------------------------------------------------------------------------------------------------
   1           1.000000                                                                                          
   2           1.000000          0.000000                                                                        
   3           2.000000          1.000000          1.000000                                                      
   4           2.000000          0.000000         -1.000000         -2.000000                                    
   5           5.000000          3.000000          3.000000          4.000000          6.000000                  
   6           7.000000          2.000000         -1.000000         -4.000000         -8.000000        -14.000000
   7          13.000000          6.000000          4.000000          5.000000          9.000000         17.000000
   8          23.000000         10.000000          4.000000          0.000000         -5.000000        -14.000000
   9          43.000000         20.000000         10.000000          6.000000          6.000000         11.000000
  10          75.000000         32.000000         12.000000          2.000000         -4.000000        -10.000000
  11         137.000000         62.000000         30.000000         18.000000         16.000000         20.000000
  12         255.000000        118.000000         56.000000         26.000000          8.000000         -8.000000
  13         464.000000        209.000000         91.000000         35.000000          9.000000          1.000000
  14         872.000000        408.000000        199.000000        108.000000         73.000000         64.000000
  15        1612.000000        740.000000        332.000000        133.000000         25.000000        -48.000000
  16        3030.000000       1418.000000        678.000000        346.000000        213.000000        188.000000
  17        5709.000000       2679.000000       1261.000000        583.000000        237.000000         24.000000
  18       10749.000000       5040.000000       2361.000000       1100.000000        517.000000        280.000000
  19       20390.000000       9641.000000       4601.000000       2240.000000       1140.000000        623.000000
  20       38635.000000      18245.000000       8604.000000       4003.000000       1763.000000        623.000000
  21       73586.000000      34951.000000      16706.000000       8102.000000       4099.000000       2336.000000
  22      140336.000000      66750.000000      31799.000000      15093.000000       6991.000000       2892.000000
  23      268216.000000     127880.000000      61130.000000      29331.000000      14238.000000       7247.000000
  24      513708.000000     245492.000000     117612.000000      56482.000000      27151.000000      12913.000000
-----------------------------------------------------------------------------------------------------------------
 SUM        1,077,871.0     513707.000000     245492.000000     117611.000000      56484.000000      27145.000000
DIFF                       -564164.000000    -268215.000000    -127881.000000     -61127.000000     -29339.000000
RATIO                             0.476594          0.477883          0.479083          0.480261          0.480579

================================================================================================================================================================
TABLE: LOG PRIME   (weight: ln p)
================================================================================================================================================================
   r                d=0               d=1               d=2               d=3               d=4               d=5
-----------------------------------------------------------------------------------------------------------------
   1           0.693147                                                                                          
   2           1.098612          0.405465                                                                        
   3           3.555348          2.456736          2.051271                                                      
   4           4.962845          1.407497         -1.049239         -3.100510                                    
   5          15.714430         10.751585          9.344088         10.393328         13.493837                  
   6          27.094541         11.380111          0.628526         -8.715562        -19.108890        -32.602727
   7          58.795069         31.700528         20.320417         19.691890         28.407452         47.516342
   8         120.204969         61.409900         29.709372          9.388955        -10.302935        -38.710387
   9         254.888522        134.683554         73.273654         43.564282         34.175327         44.478262
  10         496.930284        242.041762        107.358208         34.084554         -9.479728        -43.655055
  11        1001.569414        504.639130        262.597368        155.239160        121.154606        130.634334
  12        2041.899725       1040.330311        535.691181        273.093812        117.854652         -3.299954
  13        4036.731916       1994.832191        954.501880        418.810699        145.716887         27.862234
  14        8190.949188       4154.217272       2159.385081       1204.883201        786.072502        640.355616
  15       16259.742640       8068.793452       3914.576180       1755.191098        550.307897       -235.764605
  16       32659.431377      16399.688736       8330.895284       4416.319104       2661.128006       2110.820109
  17       65499.814534      32840.383157      16440.694421       8109.799137       3693.480032       1032.352026
  18      130776.126170      65276.311636      32435.928478      15995.234057       7885.434921       4191.954888
  19      262215.111071     131438.984902      66162.673266      33726.744788      17731.510730       9846.075810
  20      523629.684363     261414.573291     129975.588390      63812.915124      30086.170336      12354.659606
  21        1,048,340.4     524710.712818     263296.139527     133320.551137      69507.636013      39421.465676
  22        2,096,591.8       1,048,251.4     523540.645714     260244.506187     126923.955050      57416.319038
  23        4,193,027.6       2,096,435.8       1,048,184.4     524643.793762     264399.287574     137475.332524
  24        8,386,926.7       4,193,899.2       2,097,463.4       1,049,278.9     524635.128678     260235.841103
-----------------------------------------------------------------------------------------------------------------
 SUM       16,772,181.4       8,386,926.0       4,193,898.8       2,097,461.3       1,049,282.0     524621.634840
DIFF                         -8,385,255.4      -4,193,027.3      -2,096,437.4      -1,048,179.3    -524660.388109
RATIO                             0.500050          0.500052          0.500122          0.500263          0.499982

================================================================================================================================================================
TABLE: BEAT PRIME   (weight: p^(-1/2))
================================================================================================================================================================
   r                d=0               d=1               d=2               d=3               d=4               d=5
-----------------------------------------------------------------------------------------------------------------
   1           0.707107                                                                                          
   2           0.577350         -0.129757                                                                        
   3           0.825178          0.247828          0.377584                                                      
   4           0.578861         -0.246317         -0.494144         -0.871729                                    
   5           1.045766          0.466905          0.713222          1.207366          2.079095                  
   6           1.014523         -0.031244         -0.498149         -1.211370         -2.418736         -4.497831
   7           1.360997          0.346474          0.377718          0.875867          2.087237          4.505973
   8           1.694014          0.333017         -0.013457         -0.391175         -1.267042         -3.354279
   9           2.231359          0.537345          0.204328          0.217785          0.608961          1.876003
  10           2.743940          0.512581         -0.024764         -0.229092         -0.446878         -1.055838
  11           3.559298          0.815358          0.302777          0.327541          0.556633          1.003511
  12           4.676435          1.117137          0.301779         -0.000999         -0.328540         -0.885173
  13           6.018505          1.342070          0.224933         -0.076846         -0.075847          0.252692
  14           7.997444          1.978940          0.636870          0.411937          0.488783          0.564630
  15          10.452033          2.454589          0.475649         -0.161221         -0.573158         -1.061941
  16          13.900326          3.448293          0.993704          0.518055          0.679276          1.252434
  17          18.508120          4.607794          1.159501          0.165797         -0.352258         -1.031534
  18          24.638782          6.130662          1.522868          0.363366          0.197570          0.549828
  19          33.041145          8.402364          2.271702          0.748834          0.385468          0.187898
  20          44.266087         11.224941          2.822578          0.550876         -0.197958         -0.583426
  21          59.615331         15.349244          4.124302          1.301725          0.750849          0.948807
  22          80.385084         20.769753          5.420509          1.296207         -0.005518         -0.756366
  23         108.632125         28.247042          7.477289          2.056780          0.760573          0.766091
  24         147.115330         38.483205         10.236163          2.758874          0.702095         -0.058478
-----------------------------------------------------------------------------------------------------------------
 SUM         575.585140        146.408223         38.612961          9.858579          3.630603         -1.377000
DIFF                          -429.176917       -107.795262        -28.754382         -6.227976         -5.007603
RATIO                             0.254364          0.263735          0.255318          0.368268         -0.379276

================================================================================================================================================================
TABLE: UNIT COMP   (weight: 1 per prime)
================================================================================================================================================================
   r                d=0               d=1               d=2               d=3               d=4               d=5
-----------------------------------------------------------------------------------------------------------------
   1           0.000000                                                                                          
   2           1.000000          1.000000                                                                        
   3           2.000000          1.000000          0.000000                                                      
   4           6.000000          4.000000          3.000000          3.000000                                    
   5          11.000000          5.000000          1.000000         -2.000000         -5.000000                  
   6          25.000000         14.000000          9.000000          8.000000         10.000000         15.000000
   7          51.000000         26.000000         12.000000          3.000000         -5.000000        -15.000000
   8         105.000000         54.000000         28.000000         16.000000         13.000000         18.000000
   9         213.000000        108.000000         54.000000         26.000000         10.000000         -3.000000
  10         437.000000        224.000000        116.000000         62.000000         36.000000         26.000000
  11         887.000000        450.000000        226.000000        110.000000         48.000000         12.000000
  12        1793.000000        906.000000        456.000000        230.000000        120.000000         72.000000
  13        3632.000000       1839.000000        933.000000        477.000000        247.000000        127.000000
  14        7320.000000       3688.000000       1849.000000        916.000000        439.000000        192.000000
  15       14772.000000       7452.000000       3764.000000       1915.000000        999.000000        560.000000
  16       29738.000000      14966.000000       7514.000000       3750.000000       1835.000000        836.000000
  17       59827.000000      30089.000000      15123.000000       7609.000000       3859.000000       2024.000000
  18      120323.000000      60496.000000      30407.000000      15284.000000       7675.000000       3816.000000
  19      241754.000000     121431.000000      60935.000000      30528.000000      15244.000000       7569.000000
  20      485653.000000     243899.000000     122468.000000      61533.000000      31005.000000      15761.000000
  21      974990.000000     489337.000000     245438.000000     122970.000000      61437.000000      30432.000000
  22        1,956,816.0     981826.000000     492489.000000     247051.000000     124081.000000      62644.000000
  23        3,926,088.0       1,969,272.0     987446.000000     494957.000000     247906.000000     123825.000000
  24        7,874,900.0       3,948,812.0       1,979,540.0     992094.000000     497137.000000     249231.000000
-----------------------------------------------------------------------------------------------------------------
 SUM       15,699,344.0       7,874,900.0       3,948,811.0       1,979,540.0     992091.000000     497142.000000
DIFF                         -7,824,444.0      -3,926,089.0      -1,969,271.0    -987449.000000    -494949.000000
RATIO                             0.501607          0.501443          0.501300          0.501172          0.501105

================================================================================================================================================================
TABLE: LOG COMP   (weight: ln p)
================================================================================================================================================================
   r                d=0               d=1               d=2               d=3               d=4               d=5
-----------------------------------------------------------------------------------------------------------------
   1           0.000000                                                                                          
   2           1.386294          1.386294                                                                        
   3           3.871201          2.484907          1.098612                                                      
   4          15.104413         11.233212          8.748305          7.649693                                    
   5          35.171670         20.067257          8.834046          0.085741         -7.563952                  
   6          96.515699         61.344029         41.276772         32.442726         32.356986         39.920938
   7         232.442210        135.926511         74.582482         33.305710          0.862983        -31.494003
   8         550.646832        318.204621        182.278110        107.695629         74.389919         73.526936
   9        1263.914671        713.267839        395.063218        212.785108        105.089479         30.699560
  10        2895.221129       1631.306458        918.038619        522.975401        310.190294        205.100815
  11        6492.169673       3596.948544       1965.642086       1047.603467        524.628066        214.437773
  12       14364.797363       7872.627690       4275.679146       2310.037059       1262.433592        737.805526
  13       31615.446569      17250.649206       9378.021516       5102.342371       2792.305311       1529.871719
  14       68791.322927      37175.876358      19925.227152      10547.205636       5444.863265       2652.557954
  15      149060.978431      80269.655504      43093.779146      23168.551994      12621.346358       7176.483093
  16      320694.711010     171633.732578      91364.077074      48270.297928      25101.745934      12480.399576
  17      686634.217292     365939.506282     194305.773704     102941.696630      54671.398702      29569.652767
  18        1,464,343.8     777709.560868     411770.054586     217464.280882     114522.584252      59851.185550
  19        3,109,728.7       1,645,384.9     867675.386488     455905.331902     238441.051021     123918.466769
  20        6,583,666.4       3,473,937.7       1,828,552.7     960877.331880     504971.999978     266530.948958
  21       13,893,068.9       7,309,402.5       3,835,464.8       2,006,912.1       1,046,034.8     541062.798264
  22       29,239,861.5      15,346,792.6       8,037,390.1       4,201,925.2       2,195,013.1       1,148,978.3
  23       61,387,148.6      32,147,287.1      16,800,494.5       8,763,104.4       4,561,179.2       2,366,166.1
  24      128,587,965.2      67,200,816.6      35,053,529.5      18,253,035.0       9,489,930.6       4,928,751.4
-----------------------------------------------------------------------------------------------------------------
 SUM      245,548,531.1     128,587,965.2      67,200,815.2      35,053,528.4      18,253,027.4       9,489,938.2
DIFF                       -116,960,565.8     -61,387,150.0     -32,147,286.8     -16,800,501.1      -8,763,089.2
RATIO                             0.523676          0.522606          0.521624          0.520719          0.519910

================================================================================================================================================================
TABLE: BEAT COMP   (weight: p^(-1/2))
================================================================================================================================================================
   r                d=0               d=1               d=2               d=3               d=4               d=5
-----------------------------------------------------------------------------------------------------------------
   1           0.000000                                                                                          
   2           0.500000          0.500000                                                                        
   3           0.761802          0.261802         -0.238198                                                      
   4           1.713696          0.951895          0.690093          0.928291                                    
   5           2.231751          0.518055         -0.433840         -1.123933         -2.052224                  
   6           3.646029          1.414278          0.896223          1.330063          2.453996          4.506220
   7           5.248167          1.602138          0.187860         -0.708364         -2.038427         -4.492423
   8           7.665644          2.417477          0.815339          0.627480          1.335843          3.374270
   9          11.014329          3.348685          0.931208          0.115869         -0.511610         -1.847454
  10          15.994756          4.980428          1.631742          0.700534          0.584665          1.096275
  11          22.945794          6.951038          1.970610          0.338868         -0.361666         -0.946330
  12          32.810661          9.864867          2.913829          0.943219          0.604351          0.966017
  13          46.998543         14.187882          4.323015          1.409186          0.465967         -0.138384
  14          66.981602         19.983058          5.795177          1.472162          0.062976         -0.402991
  15          95.585495         28.603893          8.620835          2.825658          1.353496          1.290520
  16         136.060193         40.474698         11.870805          3.249970          0.424312         -0.929184
  17         193.568652         57.508459         17.033761          5.162955          1.912985          1.488673
  18         275.283470         81.714818         24.206359          7.172599          2.009643          0.096658
  19         391.113256        115.829787         34.114969          9.908609          2.736011          0.726368
  20         555.579023        164.465767         48.635980         14.521011          4.612402          1.876391
  21         788.693902        233.114879         68.649112         20.013133          5.492121          0.879720
  22        1119.305439        330.611537         97.496658         28.847546          8.834414          3.342292
  23        1587.986555        468.681115        138.069578         40.572919         11.725373          2.890960
  24        2252.265868        664.279313        195.598198         57.528620         16.955701          5.230328
-----------------------------------------------------------------------------------------------------------------
 SUM        7613.954627       2252.265868        663.779313        195.836397         56.600329         19.007925
DIFF                         -5361.688759      -1588.486555       -467.942917       -139.236067        -37.592404
RATIO                             0.295808          0.294716          0.295032          0.289018          0.335827

================================================================================================================================================================
SUMMARY — row sums, consecutive differences, ratios, all six tables
================================================================================================================================================================
       table    stat                d=0               d=1               d=2               d=3               d=4               d=5
----------------------------------------------------------------------------------------------------------------------------------------------------------------
  unit prime     SUM        1,077,871.0     513707.000000     245492.000000     117611.000000      56484.000000      27145.000000
                DIFF                       -564164.000000    -268215.000000    -127881.000000     -61127.000000     -29339.000000
               RATIO                             0.476594          0.477883          0.479083          0.480261          0.480579
----------------------------------------------------------------------------------------------------------------------------------------------------------------
   log prime     SUM       16,772,181.4       8,386,926.0       4,193,898.8       2,097,461.3       1,049,282.0     524621.634840
                DIFF                         -8,385,255.4      -4,193,027.3      -2,096,437.4      -1,048,179.3    -524660.388109
               RATIO                             0.500050          0.500052          0.500122          0.500263          0.499982
----------------------------------------------------------------------------------------------------------------------------------------------------------------
  beat prime     SUM         575.585140        146.408223         38.612961          9.858579          3.630603         -1.377000
                DIFF                          -429.176917       -107.795262        -28.754382         -6.227976         -5.007603
               RATIO                             0.254364          0.263735          0.255318          0.368268         -0.379276
----------------------------------------------------------------------------------------------------------------------------------------------------------------
   unit comp     SUM       15,699,344.0       7,874,900.0       3,948,811.0       1,979,540.0     992091.000000     497142.000000
                DIFF                         -7,824,444.0      -3,926,089.0      -1,969,271.0    -987449.000000    -494949.000000
               RATIO                             0.501607          0.501443          0.501300          0.501172          0.501105
----------------------------------------------------------------------------------------------------------------------------------------------------------------
    log comp     SUM      245,548,531.1     128,587,965.2      67,200,815.2      35,053,528.4      18,253,027.4       9,489,938.2
                DIFF                       -116,960,565.8     -61,387,150.0     -32,147,286.8     -16,800,501.1      -8,763,089.2
               RATIO                             0.523676          0.522606          0.521624          0.520719          0.519910
----------------------------------------------------------------------------------------------------------------------------------------------------------------
   beat comp     SUM        7613.954627       2252.265868        663.779313        195.836397         56.600329         19.007925
                DIFF                         -5361.688759      -1588.486555       -467.942917       -139.236067        -37.592404
               RATIO                             0.295808          0.294716          0.295032          0.289018          0.335827
----------------------------------------------------------------------------------------------------------------------------------------------------------------