1 1
2 1
3 2
4 0
5 2
6 1
7 5
8 0
9 1
10 7
11 3
12 -1
13 13
14 2
15 3
16 -2
17 23
18 6
19 -1
20 4
21 43
22 10
23 4
24 -4
25 6
26 75
27 20
28 4
29 5
30 -8
31 137
32 32
33 10
34 0
35 9
36 -14
37 255
38 62
39 12
40 6
41 -5
42 17
43 464
44 118
45 30
46 2
47 6
48 -14
49 31
50 872
51 209
52 56
53 18
54 -4
55 11
56 -31
57 1612
58 408
59 91
60 26
61 16
62 -10
63 25
64 -62
65 3030
66 740
67 199
68 35
69 8
70 20
71 -21
72 56
73 5709
74 1418
75 332
76 108
77 9
78 -8
79 30
80 -46
81 118
82 10749
83 2679
84 678
85 133
86 73
87 1
88 -28
89 51
90 -102
91 20390
92 5040
93 1261
94 346
95 25
96 64
97 9
98 -58
99 97
100 -220
101 38635
102 9641
103 2361
104 583
105 213
106 -48
107 63
108 37
109 -109
110 199
111 73586
112 18245
113 4601
114 1100
115 237
116 188
117 -112
118 54
119 95
120 -206
121 419
122 140336
123 34951
124 8604
125 2240
126 517
127 24
128 236
129 -175
130 17
131 204
132 -405
133 268216
134 66750
135 16706
136 4003
137 1140
138 280
139 -164
140 348
141 -229
142 -78
143 410
144 -824
145 513708
146 127880
147 31799
148 8102
149 1763
150 623
151 256
152 -400
153 523
154 -246
155 -282
156 815
157 985818
158 245492
159 61130
160 15093
161 4099
162 623
163 343
164 420
165 -748
166 752
167 -168
168 -692
169 1639
170 1894120
171 472110
172 117612
173 29331
174 6991
175 2336
176 0
177 87
178 820
179 -1271
180 998
181 114
182 -1507
183 3645744
184 908302
185 226618
186 56482
187 14238
188 2892
189 1713
190 -343
191 -333
192 1568
193 -2023
194 1166
195 806
196 -3146
197 7027290
198 1751624
199 436192
200 109006
201 27151
202 7247
203 556
204 1713
205 -430
206 -1153
207 2839
208 -3021
209 1052
210 2313
211 13561907
212 3381546
213 843322
214 209574
215 52524
216 12913
217 4355
218 -1157
219 2056
220 -97
221 -2721
222 4862
223 -4187
224 246
225 5459
226 26207278
227 6534617
228 1629922
229 407130
230 100568
231 25373
232 5666
233 3799
234 -2870
235 2486
236 1056
237 -5560
238 7883
239 -5239
240 -2067
241 50697537
242 12645371
243 3153071
244 786600
245 197556
246 48044
247 12460
248 1311
249 4956
250 -4926
251 2583
252 3777
253 -10422
254 12070
255 -5485
256 -7526
257 98182656
258 24490259
259 6110754
260 1523149
